(940.4434, 232.2821, 797.4216)
(830.4676, 760.2817, 994.3045)
(344.3601, 6.326978, 871.7929)
(64.39683, 7.367402, 408.0358)
(457.5482, 51.21935, 585.2220)
(128.3634, 355.9333, 540.1351)
(833.4858, 912.9544, 390.5446)
(244.1057, 275.1521, 479.6536)
(816.5008, 717.9156, 452.0825)
(367.6007, 36.94325, 181.5215)
(616.7534, 389.6375, 400.0740)
(523.3371, 102.4559, 974.0005)
(4.010748, 819.8646, 790.0683)
(134.8015, 873.5026, 530.2861)
(159.8352, 357.4148, 831.1645)
(88.41717, 355.2448, 456.6067)
(623.3439, 784.8120, 624.1001)
(300.0494, 626.0335, 677.7887)
(228.2270, 379.7629, 531.3868)
(751.7180, 643.9511, 392.0226)
(950.3796, 729.0809, 469.5103)
(343.3617, 798.9954, 715.5689)
(935.9484, 220.4777, 651.9821)
(347.8487, 368.7553, 924.1289)
(9.750449, 222.5628, 220.5866)
(1.478683, 545.3444, 173.6836)
(563.8032, 667.8079, 976.6209)
(388.4673, 24.32434, 798.0727)
(135.8258, 453.9904, 189.3862)
(790.4376, 197.6456, 164.5691)
(478.2355, 722.6595, 798.5549)
(329.2838, 282.5748, 785.0339)
(930.8549, 879.3365, 962.7013)
(754.5521, 103.2301, 284.0789)
(945.7557, 187.9390, 238.9130)
(656.2428, 716.3099, 87.36673)
(187.6621, 977.1984, 996.6837)
(30.84841, 503.7130, 517.9518)
(770.8830, 131.6276, 385.6645)
(906.0724, 93.89875, 751.2783)
(256.9017, 280.8130, 832.2955)
(583.7249, 508.6479, 604.3543)
(578.5539, 576.9847, 341.0685)
(555.3658, 960.5084, 193.1107)
(471.0221, 342.9265, 529.4442)
(647.5967, 727.0760, 445.3035)
(169.9808, 124.3712, 181.2632)
(532.1210, 746.7818, 409.4736)
(525.7645, 767.0943, 305.3805)
(68.56142, 873.2504, 286.7290)
(678.0091, 36.55106, 995.0094)
(884.2098, 820.2605, 484.9384)
(311.2273, 854.1226, 506.6929)
(905.6839, 603.8635, 476.6594)
(306.1194, 627.9808, 525.4946)
(875.5652, 901.2929, 399.7508)
(436.2639, 833.2811, 889.0138)
(246.3309, 32.68884, 670.5313)
(162.3474, 538.5307, 504.5334)
(503.9861, 871.6401, 103.0456)
(686.2521, 16.61391, 744.3694)
(237.1129, 759.6579, 378.9081)
(209.5556, 712.2938, 611.4495)
(121.3405, 415.4952, 182.3526)
(855.0701, 544.1557, 702.9536)
(935.3862, 873.0388, 751.9737)
(510.6795, 616.6348, 962.4192)
(484.6167, 18.16365, 326.7746)
(826.4482, 722.1195, 47.97974)
(539.9556, 193.5575, 468.0147)
(880.7930, 379.4074, 310.0672)
(193.7192, 671.2220, 98.08580)
(421.7256, 196.1662, 89.17811)
(68.57814, 113.0074, 505.7470)
(679.0920, 182.3259, 567.6634)
(50.13796, 168.5635, 324.1528)
(394.4363, 487.6890, 606.4444)
(509.1158, 632.1320, 515.7536)
(822.1768, 342.8146, 976.3420)
(453.6271, 116.3725, 694.5103)
(41.07235, 620.6487, 512.1168)
(869.7109, 688.3329, 347.5027)
(177.3323, 97.28225, 94.38437)
(459.8237, 790.7238, 857.6401)
(185.8282, 737.8836, 773.3632)
(446.1648, 579.0555, 149.3934)
(258.8492, 135.6653, 924.7449)
(625.3093, 629.1986, 531.4950)
(837.1199, 784.9835, 242.1926)
(988.7906, 218.5360, 261.0370)
(686.8089, 463.2705, 843.6772)
(243.9716, 570.6247, 801.0876)
(535.1865, 442.7658, 332.6713)
(280.3795, 97.95441, 896.5234)
(59.16337, 132.4085, 492.5218)
(991.6598, 599.8070, 922.5186)
(372.1376, 586.1225, 555.0217)
(898.5726, 194.9344, 365.7465)
(846.3812, 841.0572, 630.4566)
(428.0432, 677.8946, 543.6627)
(857.3839, 612.5141, 637.4071)
(755.8623, 652.7528, 286.9657)
(595.4041, 330.8179, 890.2766)
(135.2820, 823.8482, 343.8447)
(176.5085, 996.6831, 464.3688)
(173.6609, 858.5790, 953.6684)
(61.16002, 864.7374, 601.0714)
(666.5983, 393.3171, 632.2445)
(8.272149, 445.2297, 242.0671)
(7.370390, 563.5525, 641.4616)
(41.41226, 979.1555, 270.0007)
(742.0956, 602.1150, 454.4503)
(921.6279, 966.5469, 214.7060)
(473.1622, 932.5234, 275.1741)
(466.2928, 966.6094, 962.2264)
(425.2170, 79.38961, 237.5421)
(395.3198, 140.2510, 884.7676)
(974.2343, 871.8321, 481.5754)
(844.4606, 392.9770, 680.4590)
(268.0577, 650.5245, 964.3360)
(778.8833, 722.6561, 42.97189)
(331.6513, 643.5859, 590.1314)
(423.4554, 180.4740, 914.4966)
(617.3483, 750.7830, 278.9416)
(37.62979, 664.0426, 963.1888)
(396.4947, 694.4997, 681.0073)
(391.4794, 540.8330, 868.5916)
(462.3137, 703.7040, 798.5975)
(769.4995, 380.4491, 948.8799)
(79.94913, 724.5151, 284.1023)
(150.5227, 228.9886, 351.4697)
(353.7794, 740.2984, 308.8339)
(980.4970, 995.4749, 851.0213)
(317.1360, 357.0852, 785.2547)
(81.47894, 258.8693, 85.34190)
(59.84371, 924.1555, 277.3860)
(180.7860, 13.12626, 476.8721)
(501.9684, 327.2175, 48.89196)
(374.6421, 375.4528, 136.3005)
(695.1648, 195.6695, 484.9284)
(781.4152, 620.0607, 695.3896)
(347.0452, 876.1074, 137.3162)
(332.7662, 160.0818, 342.0722)
(141.4227, 494.7208, 280.6387)
(339.0689, 581.6869, 738.5675)
(62.63138, 24.45991, 427.5168)
(123.6810, 737.1573, 15.21349)
(574.8077, 416.3083, 228.8066)
(967.1945, 307.4666, 556.4740)
(128.0761, 598.4005, 714.8769)
(252.3044, 596.7273, 807.4749)
(959.4591, 8.819036, 610.2060)
(314.3458, 383.4298, 200.3014)
(786.6122, 343.2042, 241.4060)
(20.77224, 39.17164, 470.2393)
(278.6353, 273.8409, 403.7180)
(677.5987, 450.3627, 13.30474)
(720.3467, 44.93554, 842.1686)
(964.3118, 258.1470, 262.6417)
(247.0288, 536.6808, 11.75535)
(349.4465, 907.3583, 950.1039)
(150.4090, 508.4863, 672.4051)
(713.4291, 11.20310, 78.21820)
(147.0587, 202.0319, 110.3742)
(903.6632, 488.4301, 603.4496)
(882.6492, 282.4212, 158.4449)
(855.9490, 239.0044, 804.6987)
(280.1716, 487.5500, 568.5810)
(85.23501, 270.6807, 471.2158)
(545.9994, 328.4986, 41.89580)
(304.4529, 907.9029, 172.8577)
(395.1592, 515.4456, 428.2437)
(23.60336, 194.0908, 728.0690)
(448.6013, 375.7208, 510.7635)
(218.6903, 680.6925, 245.1701)
(244.2654, 628.5774, 448.1976)
(881.1393, 612.3487, 135.9880)
(192.0822, 409.2866, 543.1008)
(895.6067, 854.7501, 884.3789)
(205.3927, 46.93936, 706.6019)
(549.9733, 849.2763, 875.5601)
(273.9179, 722.8688, 675.5168)
(46.72919, 315.4143, 858.9781)
(655.0458, 897.8773, 191.3472)
(801.0425, 125.3236, 945.7637)
(547.6612, 133.2198, 480.3877)
(638.7755, 982.3920, 853.0357)
(490.7524, 344.8396, 232.3399)
(298.4862, 596.3029, 303.7636)
(467.9323, 343.2228, 45.90104)
(982.5136, 501.1899, 451.7409)
(880.5856, 870.9716, 30.79890)
(55.32084, 599.0137, 249.0903)
(597.4731, 78.14604, 764.1400)
(886.0891, 580.0694, 175.5441)
(990.0834, 940.3964, 369.2866)
(379.6544, 473.6683, 536.4550)
(870.2445, 415.0365, 698.2683)
(657.2595, 600.7946, 893.7787)
(31.30357, 5.591515, 942.0689)
(973.5652, 654.0726, 423.3584)
(576.5147, 818.8915, 713.5116)
(338.2261, 714.5055, 399.2041)
(588.9881, 416.8644, 515.5470)
(726.1622, 934.3369, 310.5938)
(990.1280, 634.4881, 497.0496)
(911.0404, 778.3818, 587.9867)
(745.8153, 33.56255, 399.9407)
(818.2688, 46.49986, 794.7164)
(987.6726, 292.5142, 427.1294)
(287.8755, 45.38894, 623.2525)
(19.51547, 279.3084, 456.1116)
(72.62851, 861.8296, 826.5523)
(872.0712, 192.9497, 117.6919)
(662.8007, 565.2944, 525.4866)
(665.1957, 130.2427, 38.41487)
(974.5181, 707.7375, 264.8572)
(998.2093, 150.4728, 258.5628)
(350.0760, 784.3274, 5.728059)
(347.5753, 881.9808, 958.7404)
(571.1718, 360.1859, 443.2976)
(604.5842, 434.0328, 163.8014)
(400.3896, 777.3190, 885.7170)
(593.9682, 716.7384, 703.4654)
(356.4714, 427.2008, 401.0261)
(550.6106, 801.6202, 171.1253)
(284.9068, 36.90286, 240.8880)
(896.7680, 897.8689, 704.8752)
(492.9363, 851.6124, 168.2492)
(435.1498, 507.6947, 768.4321)
(554.4643, 631.3863, 352.3705)
(653.8857, 31.86946, 597.7339)
(62.16082, 308.4368, 993.3457)
(783.0464, 64.68191, 997.3243)
(790.7527, 958.2059, 822.9581)
(507.0729, 76.75862, 884.0841)
(673.4904, 261.3864, 582.2841)
(706.9461, 565.4421, 335.2137)
(245.8597, 141.4723, 576.3406)
(941.3232, 827.6073, 478.0389)
(603.9013, 426.8514, 313.3079)
(601.4509, 608.6301, 887.0260)
(392.1150, 479.9794, 141.7525)
(282.5850, 292.9145, 59.29348)
(659.7562, 300.3291, 61.11363)
(83.72126, 317.4152, 314.7582)
(148.7719, 141.2031, 484.5870)
(471.8447, 835.4574, 136.3294)
(264.3440, 324.6962, 569.0275)
(481.9742, 640.1127, 458.1521)
(780.6920, 527.2486, 720.4495)
(238.2417, 133.2209, 121.8083)
(725.8820, 147.9168, 408.0028)
(768.9491, 2.889093, 184.5374)
(474.8539, 522.4184, 348.5792)
(433.2630, 841.0097, 614.4626)
(380.9573, 249.7573, 321.6087)
(856.3105, 488.8479, 443.4739)
(251.2020, 981.0686, 172.5562)
(487.2326, 504.3847, 448.8783)
(201.2163, 39.84426, 288.5563)
(704.1431, 86.47694, 17.17340)
(318.0704, 525.6973, 810.7295)
(36.25873, 517.6291, 878.9333)
(634.4720, 292.9357, 831.7189)
(664.1562, 49.64470, 851.8213)
(78.16962, 825.7667, 653.8496)
(877.5315, 26.54467, 583.3110)
(785.2948, 551.6088, 65.04315)
(932.9597, 238.0701, 299.8318)
(853.9101, 173.5995, 298.9750)
(474.3740, 372.0097, 908.4346)
(633.5745, 823.6629, 608.2194)
(907.8023, 251.4590, 921.7712)
(977.6502, 202.8090, 903.8270)
(228.7432, 189.3874, 36.38777)
(797.4995, 602.4295, 918.4827)
(623.4676, 402.3002, 905.1608)
(151.3025, 189.1267, 503.4189)
(786.9477, 432.0637, 419.8792)
(361.8847, 878.8417, 632.4501)
(311.6140, 994.6456, 394.6346)
(14.61371, 339.1697, 155.9531)
(566.2067, 536.6161, 49.08446)
(524.8005, 450.5699, 377.4648)
(442.7145, 20.05913, 364.9664)
(572.3370, 988.6580, 867.6912)
(637.3089, 543.3688, 690.2592)
(295.0021, 401.7541, 24.51564)
(408.9030, 235.3169, 885.3057)
(564.4616, 565.8336, 488.7367)
(21.04576, 358.3699, 408.3528)
(119.7413, 216.8790, 608.4264)
(262.4678, 705.3605, 843.5656)
(34.63267, 589.3627, 260.4386)
(293.2952, 397.1474, 198.4746)
(247.1566, 489.1270, 129.6710)
(665.4446, 144.4669, 385.2919)
(234.8981, 882.8077, 433.4248)
(272.6077, 643.9422, 648.9651)
(721.5761, 707.1178, 117.8581)
(401.7593, 947.5799, 481.5093)
(598.9550, 511.8449, 266.1050)
(334.9104, 659.4981, 36.00732)
(252.7489, 50.29898, 287.6541)
(462.6448, 545.2729, 155.9896)
(825.1299, 794.7749, 875.8458)
(713.4835, 296.8950, 236.1764)
(742.2211, 566.3875, 705.6620)
(876.6137, 629.8569, 984.1151)
(162.4287, 37.52359, 787.9111)
(866.6913, 827.3545, 320.0727)
(44.81435, 519.1768, 765.5627)
(38.11118, 41.73257, 563.0224)
(733.1158, 376.2639, 583.6911)
(718.0487, 844.4170, 566.2083)
(487.4288, 32.72617, 819.6351)
(370.0869, 437.1956, 637.0028)
(220.4431, 389.0022, 883.6942)
(262.0964, 675.3924, 61.62436)
(935.1977, 539.4254, 612.6242)
(723.1308, 526.5487, 614.2092)
(401.3404, 783.9694, 898.2662)
(676.2179, 156.5232, 882.3079)
(561.3458, 827.6896, 656.7990)
(881.4973, 458.5484, 123.5738)
(972.0986, 691.4317, 23.01866)
(709.9861, 419.8588, 203.3431)
(164.9718, 755.0818, 422.9546)
(71.30928, 16.92053, 229.4772)
(692.3325, 684.5962, 418.4993)
(695.8531, 895.4439, 433.8867)
(731.3641, 962.4830, 651.0510)
(287.4743, 538.9170, 817.1247)
(248.7911, 789.6204, 198.7161)
(111.0078, 969.0445, 801.4886)
(11.38662, 127.5342, 262.1557)
(699.3757, 974.6519, 524.7867)
(308.9026, 301.3611, 714.7416)
(123.0191, 724.2999, 474.9916)
(185.9266, 470.9609, 211.3563)
(252.2069, 192.2585, 445.0372)
(8.283035, 271.3953, 584.7664)
(71.45544, 884.8750, 558.2417)
(241.3834, 414.5580, 246.3470)
(961.9061, 577.7373, 638.8850)
(621.8214, 57.02769, 403.6441)
(280.0248, 484.9132, 947.1138)
(367.6963, 364.5596, 827.4565)
(231.0190, 131.7283, 263.2371)
(410.3573, 280.4687, 658.1797)
(51.91695, 915.8392, 167.9180)
(693.4590, 731.8501, 522.9811)
(766.4700, 589.3345, 870.4537)
(543.4119, 22.10465, 120.1464)
(83.94420, 870.3483, 927.0887)
(825.2493, 330.9810, 926.8163)
(509.1507, 730.5478, 166.8604)
(700.9032, 965.8136, 979.2884)
(924.7782, 238.2316, 201.1799)
(60.41552, 331.2529, 649.5389)
(141.4544, 793.7854, 164.9686)
(299.2780, 632.5868, 213.3631)
(432.0569, 325.5351, 182.5903)
(754.2028, 948.1921, 86.27983)
(504.3750, 968.5309, 370.8220)
(407.0312, 651.3016, 65.61114)
(485.3986, 760.4287, 485.1268)
(172.2810, 7.609052, 613.9539)
(386.5681, 159.0943, 216.3360)
(233.1424, 396.3667, 215.9019)
(523.4007, 166.0675, 426.4747)
(167.4368, 451.0581, 481.6610)
(789.8290, 670.0539, 571.7248)
(589.5640, 62.10782, 30.19706)
(674.5253, 130.6731, 194.8931)
(353.4353, 787.9389, 995.3614)
(902.7810, 165.0240, 726.1235)
(10.51549, 543.1963, 394.8997)
(504.3766, 178.0283, 115.9762)
(877.8207, 313.6744, 701.2398)
(560.1872, 98.00547, 739.3032)
(154.0026, 209.1372, 938.1118)
(565.2623, 292.5879, 120.1309)
(643.7274, 804.3820, 13.52231)
(33.20180, 989.7198, 582.9509)
(839.6697, 848.8277, 947.8110)
(101.0981, 179.4363, 868.5100)
(733.6048, 194.2151, 275.8868)
(496.0571, 209.0001, 942.3409)
(452.8134, 764.4742, 48.47504)
(366.6606, 740.3936, 827.5086)
(955.1182, 493.0931, 450.0169)
(504.1488, 478.5221, 993.3581)
(591.1402, 84.71166, 649.7341)
(133.9269, 296.6639, 858.5857)
(770.3863, 1.862691, 561.2894)
(252.2258, 131.8916, 860.7549)
(692.6356, 16.61190, 371.2092)
(986.7465, 820.5507, 680.1026)
(468.1352, 537.0358, 713.0585)
(325.4167, 74.37693, 851.2156)
(917.7250, 808.3824, 5.810530)
(73.38505, 950.9225, 760.0851)
(238.3108, 122.1377, 844.5012)
(25.13564, 669.3714, 884.2876)
(875.7559, 740.9632, 250.4104)
(930.5533, 711.3005, 921.3120)
(823.1729, 197.3636, 511.5230)
(208.4938, 161.0052, 856.4954)
(771.7083, 477.4087, 225.9822)
(31.38569, 802.6646, 95.90778)
(666.9183, 77.69193, 784.7892)
(919.7193, 894.1857, 953.9973)
(283.9477, 596.9081, 871.0011)
(550.4742, 951.3262, 305.6747)
(927.4252, 930.8306, 904.5429)
(869.2338, 486.7402, 176.9672)
(915.7783, 70.53912, 578.1419)
(846.4742, 142.4976, 68.74014)
(419.7958, 147.3843, 568.4989)
(84.47136, 136.2590, 545.4892)
(741.5231, 857.3818, 903.0747)
(939.0019, 638.5083, 969.7137)
(418.9844, 460.4231, 720.7627)
(794.2354, 607.6945, 665.1371)
(317.8624, 710.4204, 921.4625)
(167.5202, 483.9602, 225.4495)
(401.9435, 726.2039, 397.4123)
(809.3872, 923.7565, 445.5789)
(168.1952, 593.7562, 695.0927)
(987.6709, 663.4954, 532.6935)
(108.3917, 678.1538, 582.1045)
(304.9345, 533.6654, 925.4953)
(534.8536, 990.0190, 487.4393)
(672.0529, 354.2567, 533.3586)
(873.5188, 452.3575, 180.8194)
(89.14669, 698.8726, 230.8280)
(144.0983, 631.5204, 714.8439)
(381.7706, 610.5638, 611.9140)
(954.6752, 61.70903, 42.63966)
(21.16190, 11.93956, 738.8886)
(473.9488, 961.6228, 209.9312)
(851.1797, 515.7975, 716.4046)
(542.3648, 371.5873, 551.2784)
(319.6719, 338.8793, 591.1455)
(510.0635, 883.0116, 165.8266)
(566.1436, 185.9889, 248.9217)
(385.6598, 477.3915, 575.9164)
(57.67092, 128.9067, 636.5851)
(134.0737, 16.05396, 171.2361)
(980.7815, 133.1443, 936.9349)
(366.4849, 679.5368, 579.7842)
(137.9385, 819.7204, 910.3941)
(229.9977, 887.2038, 957.4626)
(962.1367, 299.9006, 934.7676)
(7.084213, 549.5499, 420.8388)
(542.8894, 170.1432, 647.3462)
(211.6151, 105.4702, 963.9848)
(205.4237, 614.7062, 166.6460)
(761.3739, 808.7289, 802.8200)
(583.6690, 568.1868, 747.6954)
(15.96317, 649.3047, 479.3055)
(952.5217, 176.3449, 222.1893)
(33.81109, 973.4355, 512.9466)
(302.8990, 911.3749, 492.5735)
(688.4352, 38.88425, 36.38939)
(871.1773, 142.2855, 827.9168)
(137.8653, 889.4743, 443.5146)
(74.28633, 304.4572, 126.8721)
(468.3061, 121.6668, 835.1507)
(418.9499, 103.0254, 113.3476)
(981.1639, 445.1790, 18.69262)
(793.3958, 787.4800, 757.3461)
(770.8884, 795.2800, 312.1310)
(529.2877, 113.3205, 564.5424)
(947.9049, 865.7768, 935.8770)
(885.2582, 448.5399, 784.2222)
(721.9310, 912.2663, 504.7089)
(857.2600, 700.9468, 717.4952)
(437.1773, 93.32776, 200.0649)
(634.1371, 607.4409, 818.9156)
(800.3150, 90.95476, 673.9221)
(234.3865, 15.42241, 202.6212)
(694.4114, 790.0505, 138.8309)
(127.7093, 389.9010, 784.5640)
(841.5689, 70.75320, 584.2535)
(354.7032, 832.9332, 871.7082)
(958.2951, 580.1347, 621.6530)
(316.1276, 764.9077, 552.9745)
(12.23380, 641.4658, 87.52783)
(68.68492, 459.5555, 269.0991)
(556.1328, 76.21603, 837.5238)
(402.9321, 178.3141, 140.2440)
(469.6373, 17.82658, 65.40093)
(937.9030, 515.7429, 694.5569)
(425.8014, 266.5417, 933.0042)
(937.5483, 118.7801, 100.7642)
(255.2061, 864.3109, 439.7833)
(26.34164, 381.9561, 643.2254)
(592.1612, 733.4932, 436.1305)
(638.1729, 448.7164, 352.5497)
(466.0390, 991.4397, 814.9347)
(97.11627, 465.2545, 293.3471)
(386.0200, 87.54699, 729.8684)
(55.18294, 972.9711, 221.8403)
(56.09386, 954.2208, 406.8898)
(665.9457, 648.6399, 183.9233)
(690.5133, 871.9544, 924.1257)
(784.8251, 638.6062, 25.71853)
(542.9980, 575.0881, 211.3332)
(480.1112, 143.9448, 84.30967)
(215.0673, 55.39964, 237.6786)
(974.8464, 858.2607, 13.05989)
(631.1849, 569.6937, 891.0266)
(186.8066, 572.0942, 418.8309)
(700.9390, 984.6573, 525.7477)
(363.9048, 801.2676, 941.4832)
(133.7795, 148.1842, 592.4120)
(70.72941, 425.6320, 442.8668)
(143.6932, 529.8114, 814.3661)
(106.0668, 20.89974, 13.10876)
(737.4078, 583.1496, 855.0631)
(818.4925, 73.50320, 647.5132)
(434.8668, 805.9215, 620.1258)
(64.44132, 579.8571, 270.8464)
(992.8924, 366.2738, 982.2392)
(341.9484, 259.2076, 648.8554)
(463.4970, 665.1275, 523.3558)
(173.0274, 825.3755, 979.6337)
(464.6082, 617.8339, 596.9062)
(699.8080, 493.6038, 33.10316)
(465.1475, 759.0668, 830.2937)
(865.1592, 146.1375, 793.5259)
(285.1214, 995.5973, 751.2362)
(193.0100, 938.8281, 338.3350)
(469.5505, 680.1491, 257.3411)
(420.5217, 503.4975, 863.7974)
(353.6115, 328.3496, 783.7683)
(620.1527, 302.0194, 528.3718)
(912.0047, 278.6787, 384.0629)
(394.5812, 165.3936, 316.2600)
(133.4866, 696.2487, 158.1220)
(672.9322, 868.7902, 929.3601)
(944.2164, 860.0460, 179.1856)
(118.4241, 909.7151, 748.8212)
(456.5411, 643.4454, 801.3911)
(300.9531, 186.6701, 735.9844)
(646.3538, 527.2181, 123.4768)
(480.4317, 96.81630, 651.9171)
(904.9778, 589.9391, 954.1129)
(787.4705, 924.0627, 742.8451)
(250.6955, 439.5543, 462.0488)
(968.9326, 251.3260, 798.8333)
(209.6184, 440.4415, 223.0106)
(103.6071, 286.6055, 23.44446)
(590.3989, 294.5409, 788.3196)
(128.9683, 382.3881, 847.0992)
(707.6622, 713.1153, 489.5356)
(900.3446, 797.1956, 766.4012)
(328.5880, 765.3981, 580.5839)
(264.5851, 942.9861, 481.0878)
(238.4150, 354.4181, 459.5975)
(324.1350, 553.3598, 494.9809)
(60.16751, 92.64512, 441.9029)
(372.6221, 341.0575, 534.6807)
(845.5120, 683.9397, 984.7672)
(519.2980, 938.0818, 296.7744)
(172.5048, 402.6276, 645.8048)
(860.8050, 52.68105, 591.3720)
(472.2802, 700.0494, 905.6592)
(474.4761, 490.6752, 666.3810)
(319.3942, 736.7102, 151.1006)
(721.0742, 817.7356, 576.4748)
(244.0504, 177.3846, 932.1580)
(484.3053, 966.7920, 907.2630)
(578.5128, 69.31451, 533.9715)
(340.4785, 984.0701, 866.1669)
(183.4167, 713.7094, 128.6385)
(201.1241, 766.1912, 912.5248)
(792.9122, 935.2466, 309.3575)
(167.6474, 906.4014, 398.9685)
(71.66273, 47.44423, 780.3516)
(843.9956, 674.4563, 473.2431)
(236.9506, 568.7969, 801.5890)
(918.8186, 374.8610, 201.8789)
(820.8279, 579.2293, 911.6932)
(744.5418, 447.4493, 48.12210)
(610.4639, 659.9211, 211.1419)
(967.6435, 294.3497, 665.8171)
(71.17183, 190.2200, 357.1584)
(941.1063, 985.9149, 197.6828)
(462.8991, 115.4141, 637.3696)
(967.5193, 344.6276, 757.2084)
(771.1073, 957.4356, 227.3926)
(98.54639, 847.3083, 613.9098)
(419.5900, 332.3744, 749.0667)
(668.0031, 43.36767, 200.5406)
(334.0235, 481.3812, 701.8966)
(485.5356, 509.6111, 875.2715)
(141.3415, 696.4240, 339.7556)
(215.9540, 571.2294, 481.4712)
(398.7948, 983.3476, 414.6165)
(253.6074, 240.6201, 730.3093)
(655.0079, 101.0977, 364.6502)
(75.41794, 867.3755, 298.6124)
(521.1816, 382.2561, 250.8568)
(643.3087, 532.9485, 847.5454)
(675.8000, 395.5427, 74.34932)
(986.9216, 848.7436, 819.4402)
(4.771819, 939.6624, 158.6896)
(202.7483, 926.7616, 580.3013)
(693.6387, 734.1841, 607.4400)
(154.7748, 213.8146, 846.8825)
(772.5785, 51.55657, 544.3044)
(423.5245, 602.0853, 359.1367)
(19.98116, 801.2994, 901.3489)
(62.19466, 74.56975, 649.0227)
(563.9176, 80.90834, 48.54033)
(586.4930, 412.3723, 884.0199)
(577.1940, 910.5222, 943.9728)
(60.55905, 694.8213, 890.0260)
(804.7201, 55.49140, 909.1765)
(878.1004, 41.88879, 292.0264)
(76.71856, 931.1473, 326.8377)
(987.8741, 840.1168, 704.8406)
(369.9994, 312.3937, 791.4146)
(149.0488, 676.3936, 947.3207)
(240.9820, 926.7469, 669.7925)
(761.5979, 705.9675, 549.4587)
(938.7927, 15.77055, 782.3857)
(907.8792, 42.52207, 487.4285)
(50.24495, 301.0220, 855.5239)
(955.3021, 78.23343, 33.52935)
(945.5200, 703.8302, 387.4339)
(391.6680, 798.2588, 120.3261)
(428.3427, 110.0155, 53.49836)
(987.2709, 258.1079, 450.9112)
(60.36856, 780.7556, 617.3899)
(686.4166, 189.8862, 117.6858)
(535.5810, 53.78822, 322.2790)
(549.0408, 416.2912, 242.3224)
(858.9940, 35.26120, 812.0299)
(93.87760, 417.8302, 757.7035)
(728.8734, 451.4237, 84.54837)
(445.0675, 352.6142, 61.60284)
(746.5589, 968.7597, 558.4389)
(990.5152, 549.8897, 822.3048)
(421.5748, 300.7673, 961.5727)
(987.1662, 210.5808, 585.2372)
(297.8761, 846.6719, 39.04258)
(584.0208, 786.4323, 33.17744)
(418.3540, 253.6295, 446.2873)
(534.1212, 454.0358, 583.7063)
(78.21136, 960.2508, 312.6571)
(962.3206, 686.2691, 585.0101)
(901.8777, 72.28658, 497.6510)
(681.8855, 407.4316, 147.9295)
(534.1151, 720.4119, 432.0154)
(932.3003, 408.0774, 168.5325)
(36.03175, 797.0003, 580.4245)
(22.09684, 861.9688, 318.5454)
(848.4994, 692.4627, 902.8734)
(74.54711, 228.4325, 544.4458)
(168.8917, 528.9409, 716.0566)
(201.2288, 692.2150, 665.0320)
(651.0537, 731.3076, 844.9747)
(451.2646, 501.7322, 953.1087)
(885.6775, 327.3505, 966.9334)
(385.5628, 50.67055, 635.7169)
(207.0025, 836.6669, 242.8576)
(330.1482, 860.5481, 227.9037)
(577.4726, 347.0098, 295.8374)
(986.3202, 594.1411, 756.5444)
(144.1496, 310.0952, 962.7261)
(164.4304, 800.2233, 617.5445)
(895.5707, 867.0849, 994.0944)
(798.7250, 271.7038, 971.0771)
(940.1228, 205.1103, 700.3744)
(981.4999, 861.8527, 903.2074)
(364.9262, 413.2196, 869.5432)
(411.4825, 485.5090, 591.5900)
(273.7387, 962.5510, 706.4555)
(148.4801, 417.1272, 406.2711)
(507.3263, 654.3154, 33.15575)
(967.1529, 998.6461, 488.2861)
(928.4382, 466.3715, 110.2143)
(281.9117, 550.8999, 30.62977)
(205.5799, 248.7932, 582.8552)
(10.17826, 660.8220, 273.6075)
(294.8135, 577.4498, 757.1680)
(893.2280, 780.7460, 451.0113)
(545.2212, 209.2669, 589.8329)
(282.8746, 2.649567, 312.3495)
(487.3372, 526.6401, 886.1118)
(51.03246, 273.2227, 6.474558)
(182.9672, 800.4787, 624.4493)
(982.5429, 926.9253, 465.7910)
(922.5400, 266.2291, 509.2502)
(90.29510, 891.0127, 771.2881)
(241.4326, 327.0387, 666.6208)
(8.972768, 119.3859, 493.3506)
(614.0352, 147.1736, 202.2117)
(94.46741, 793.6325, 693.6999)
(974.4093, 513.9979, 496.4378)
(311.0116, 388.0797, 39.34874)
(668.9846, 971.9887, 6.192400)
(487.1849, 379.9265, 498.6953)
(845.3463, 515.5378, 681.6410)
(466.5574, 37.66203, 94.31256)
(378.8182, 649.9345, 388.4919)
(736.6727, 220.1272, 429.7127)
(315.5284, 826.1064, 3.489346)
(61.29568, 356.6286, 761.8930)
(906.2747, 302.2045, 672.2538)
(737.2007, 131.8646, 659.4356)
(514.8470, 653.1514, 589.4954)
(431.7461, 636.7419, 55.88410)
(949.1135, 803.1621, 13.30590)
(7.943846, 817.1306, 481.2135)
(37.97924, 498.2066, 214.4736)
(737.7118, 582.6698, 322.0305)
(796.1651, 289.2846, 902.6074)
(366.3968, 459.8676, 115.3789)
(403.2494, 898.4733, 62.35160)
(206.0305, 707.1585, 748.2883)
(8.732468, 214.3839, 301.9514)
(248.0645, 354.5368, 173.7195)
(262.4327, 422.2050, 895.2288)
(760.6172, 224.8921, 190.9682)
(438.7334, 69.84802, 806.2495)
(278.5042, 80.74801, 487.6456)
(147.2807, 129.1523, 853.2297)
(83.15663, 95.55229, 356.7271)
(544.3859, 830.1180, 850.9284)
(177.9320, 830.7812, 143.1462)
(535.5975, 819.0551, 152.7997)
(407.4560, 249.4871, 126.7018)
(872.6755, 670.3536, 675.7078)
(448.5222, 380.6175, 172.4683)
(172.2754, 429.6777, 723.2154)
(171.4005, 591.8211, 496.1819)
(279.3171, 388.2736, 805.2951)
(688.2262, 724.9112, 437.5749)
(976.8147, 972.1779, 283.2436)
(816.6698, 197.7957, 327.1017)
(798.4267, 385.4592, 984.3352)
(701.4185, 731.1815, 765.8353)
(508.4906, 422.6698, 532.0711)
(786.8649, 121.6160, 726.3032)
(211.6522, 890.0009, 937.2822)
(895.9373, 119.3798, 427.0870)
(745.5103, 898.7005, 88.85177)
(891.4765, 495.0994, 519.9654)
(135.0779, 444.2386, 972.7228)
(732.1275, 836.8996, 512.1716)
(48.20478, 447.9896, 387.4673)
(885.1783, 32.96875, 849.8287)
(35.81415, 462.4952, 316.0763)
(230.3207, 333.0334, 736.2912)
(381.5412, 615.2047, 134.3848)
(185.2714, 743.7180, 512.8504)
(791.8117, 949.1370, 128.5178)
(767.7890, 368.8569, 591.0590)
(423.0072, 885.7367, 957.8083)
(240.7245, 560.5862, 157.7228)
(423.0988, 171.0100, 489.4314)
(581.5932, 932.5178, 670.9257)
(834.2194, 896.4270, 708.6685)
(116.1548, 677.3221, 981.2553)
(279.3306, 289.2919, 120.6820)
(526.9194, 376.9475, 355.7510)
(948.4406, 143.9495, 329.3732)
(343.2812, 760.0962, 16.97869)
(419.2605, 645.0815, 377.5200)
(797.4382, 237.0742, 843.6616)
(237.5498, 684.1018, 479.6488)
(103.8391, 713.1212, 526.4651)
(10.49892, 490.5997, 3.975144)
(373.9558, 232.7144, 843.9855)
(303.9057, 80.57579, 15.24609)
(230.6973, 473.2811, 462.7731)
(444.7044, 596.7191, 294.1833)
(38.13660, 686.4487, 973.9884)
(727.9668, 538.8877, 84.75247)
(456.9401, 287.3379, 269.1270)
(439.1729, 235.6566, 736.1989)
(825.3643, 88.94548, 167.3493)
(885.4885, 905.0290, 7.257566)
(708.9865, 137.0823, 687.4174)
(653.6338, 567.0665, 793.4897)
(776.8888, 711.3868, 69.80868)
(887.6048, 799.0706, 163.1527)
(112.4067, 401.1283, 521.3734)
(390.9399, 493.4529, 335.4864)
(809.2547, 110.8732, 599.1988)
(31.12011, 821.3974, 973.9103)
(690.9681, 492.9133, 581.2944)
(642.2502, 502.7858, 271.2641)
(483.6450, 949.9366, 454.1229)
(594.8875, 342.4830, 569.2855)
(555.5913, 70.85774, 304.0585)
(207.2405, 995.4482, 215.6725)
(325.1930, 970.5743, 477.8902)
(519.2297, 940.1219, 988.0112)
(603.3321, 506.5646, 730.7233)
(751.8530, 992.1696, 495.9960)
(241.5091, 954.5328, 366.9314)
(358.9719, 99.83190, 763.7157)
(526.2172, 602.3940, 735.4246)
(582.0954, 10.40862, 530.5302)
(413.6523, 355.9182, 235.8235)
(64.80009, 250.7092, 391.4833)
(89.75827, 50.73639, 525.4440)
(467.4368, 258.7350, 522.2871)
(852.5350, 746.5842, 82.23337)
(441.3308, 732.3765, 628.2002)
(331.2441, 889.8257, 580.2644)
(209.4108, 130.1337, 569.4074)
(587.2938, 475.1625, 166.5538)
(705.4869, 662.7969, 682.5795)
(464.4682, 165.9838, 272.1622)
(651.1351, 238.8029, 648.7495)
(196.4785, 846.0377, 775.7520)
(322.5106, 120.6471, 202.5454)
(869.3888, 155.7684, 470.3966)
(603.5835, 50.95168, 516.5509)
(120.0203, 829.0409, 758.9745)
(299.2109, 414.6368, 543.4705)
(642.3388, 958.6103, 473.3463)
(615.6055, 354.3167, 370.0134)
(860.8235, 647.1410, 603.7636)
(320.8484, 556.6467, 87.60704)
(703.8017, 824.1666, 589.0200)
(731.8795, 537.6123, 137.1508)
(848.4915, 721.9437, 693.3253)
(532.3835, 351.8121, 367.9313)
(496.4567, 440.7945, 671.2184)
(273.2071, 798.9043, 496.2556)
(347.1485, 256.3772, 695.1614)
(426.6840, 816.7263, 512.5301)
(763.1556, 470.2534, 837.2638)
(310.8087, 58.95671, 192.8925)
(399.5451, 269.5370, 830.5302)
(153.6764, 875.7567, 924.5963)
(868.7422, 864.9841, 506.6295)
(863.5655, 441.9377, 882.4071)
(344.6491, 169.2929, 42.63030)
(656.3518, 490.0760, 311.0760)
(527.1498, 4.076581, 762.9986)
(898.4673, 789.4926, 651.5488)
(970.7128, 897.9185, 798.1182)
(339.9948, 578.3908, 23.00815)
(698.0211, 383.3449, 897.2621)
(9.873526, 679.0933, 443.9531)
(882.3833, 405.6943, 486.5646)
(486.9878, 231.5228, 298.6358)
(771.1823, 548.7523, 777.7274)
(158.5717, 965.7536, 993.9009)
(99.77432, 585.1587, 999.7310)
(400.0647, 835.9410, 290.4313)
(970.6745, 60.79671, 492.3494)
(81.02669, 833.6679, 391.9817)
(366.5567, 972.4316, 278.1049)
(177.9368, 838.0765, 806.2749)
(222.6964, 685.3564, 443.1197)
(895.6565, 785.0717, 179.0194)
(39.03933, 324.8225, 147.9722)
(232.7937, 904.7600, 458.1539)
(473.7446, 575.9243, 792.8545)
(135.4389, 932.6525, 880.8951)
(780.9121, 777.7466, 911.4247)
(41.29566, 302.4151, 360.9099)
(704.4530, 991.1123, 847.5075)
(766.6584, 333.1426, 72.69391)
(671.8003, 578.8228, 648.1011)
(233.3172, 279.7134, 747.7500)
(548.1254, 156.7961, 608.7997)
(913.1377, 958.3206, 492.9405)
(595.0428, 362.9044, 217.1451)
(966.8761, 234.2519, 752.4622)
(624.7347, 70.28815, 360.4090)
(751.8594, 244.5113, 409.5442)
(99.14640, 702.6995, 443.8250)
(578.3879, 350.4493, 250.5251)
(325.2179, 553.4782, 735.1883)
(644.4863, 910.8318, 241.4732)
(133.1929, 80.58357, 902.5063)
(765.6241, 323.2742, 2.588785)
(880.2343, 492.9600, 275.8957)
(787.9113, 65.85835, 582.0991)
(302.0803, 590.1746, 136.1949)
(74.52038, 637.6172, 407.1181)
(144.1780, 126.7760, 17.70897)
(652.6295, 273.1072, 38.61005)
(449.8633, 584.2451, 37.67528)
(126.2800, 726.0967, 953.3357)
(534.1315, 349.5548, 142.3705)
(166.4157, 530.7144, 822.8780)
(548.6294, 37.58016, 490.3576)
(996.0508, 125.8527, 971.9813)
(127.6362, 335.4919, 193.1660)
(16.51160, 713.9783, 797.6849)
(984.2887, 754.4555, 162.3182)
(261.8143, 541.4192, 506.8126)
(840.6131, 324.8299, 788.0715)
(571.2795, 219.9832, 590.2601)
(426.3930, 569.5061, 659.6678)
(616.0205, 474.0949, 72.21173)
(124.5184, 206.2307, 176.3245)
(769.0644, 131.3656, 615.6657)
(516.6023, 425.8846, 19.31637)
(545.9253, 767.3320, 720.7368)
(472.8388, 500.7023, 334.3701)
(886.8215, 309.4006, 210.6763)
(664.7162, 730.7665, 713.4154)
(332.5456, 141.5516, 229.9567)
(485.3456, 572.5414, 674.6145)
(399.9120, 352.9890, 703.4431)
(204.2546, 543.4517, 95.25529)
(693.6324, 404.4585, 297.4437)
(26.10793, 308.0855, 706.6781)
(131.3502, 385.8098, 91.41007)
(150.4325, 75.53116, 316.1707)
(606.0814, 685.3799, 489.3656)
(388.1435, 159.9277, 301.8828)
(629.6907, 112.8639, 18.65120)
(734.0029, 618.8426, 455.0648)
(301.7516, 592.3778, 178.7104)
(151.7301, 312.6453, 444.5306)
(145.6879, 531.8809, 60.04046)
(777.8665, 361.2212, 641.5020)
(122.7418, 781.8990, 992.8111)
(672.8381, 808.0134, 576.1364)
(733.8313, 116.5890, 762.4299)
(859.5372, 601.3697, 575.9397)
(802.7873, 947.5181, 265.4923)
(903.8546, 773.1343, 811.1618)
(914.8608, 153.6533, 637.3143)
(55.53807, 696.5150, 868.5693)
(865.5851, 725.8993, 646.8526)
(409.7689, 409.8988, 472.9667)
(886.4024, 305.1768, 198.2903)
(848.5600, 540.8992, 146.4205)
(150.5261, 492.4621, 495.4190)
(141.2610, 152.7154, 504.6391)
(631.9309, 259.0315, 307.9815)
(592.7584, 625.5631, 839.8480)
(46.52458, 452.3670, 736.1628)
(653.6965, 350.4916, 417.0980)
(285.3601, 645.9331, 444.9919)
(626.8855, 661.3154, 46.26107)
(775.3672, 831.3568, 779.6464)
(64.86659, 10.43449, 476.3723)
(874.6905, 161.1115, 86.87948)
(904.0616, 405.2596, 728.9870)
(51.27563, 348.6887, 620.3936)
(113.4351, 529.3485, 879.2495)
(45.30501, 45.63772, 213.0922)
(638.8746, 716.7479, 974.4648)
(648.1759, 484.8672, 544.4145)
(252.4534, 971.7524, 652.5652)
(532.6913, 808.9671, 953.3011)
(151.1607, 969.1675, 805.5540)
(866.4981, 389.1537, 869.7001)
(683.9879, 258.3126, 975.2543)
(114.5912, 219.0318, 636.5797)
(706.2733, 749.5323, 439.6159)
(478.1932, 516.8678, 870.4073)
(756.8690, 700.7958, 573.9243)
(333.8335, 225.2759, 955.4319)
(740.8710, 327.4451, 637.1730)
(647.0457, 366.3189, 473.3978)
(78.81411, 596.9809, 716.1254)
(702.3864, 616.3640, 657.7491)
(409.2693, 623.6276, 65.38654)
(380.2888, 875.8116, 484.7631)
(122.7050, 51.73873, 234.6921)
(109.4845, 745.9130, 35.39135)
(939.1925, 384.8725, 316.3074)
(360.9808, 247.5543, 979.9751)
(997.6073, 941.7888, 817.5103)
(969.0310, 733.5015, 630.2298)
(767.3341, 951.9629, 448.8467)
(555.5915, 90.46744, 87.33151)
(399.2074, 849.4725, 648.8218)
(157.8520, 54.39099, 895.1633)
(880.4906, 446.8251, 554.6931)
(707.7662, 933.8343, 706.4332)
(580.7139, 916.2443, 220.7267)
(969.7929, 403.8572, 87.82747)
(254.1669, 293.9365, 19.95832)
(799.2817, 220.4699, 771.5274)
(507.9220, 977.4768, 923.8584)
(333.0825, 191.7769, 467.4516)
(645.4698, 885.7905, 736.1740)
(733.7937, 952.5919, 366.6769)
(75.06936, 877.5997, 718.3191)
(104.8662, 909.1395, 851.5892)
(408.8066, 732.0392, 614.3796)
(892.0833, 230.8698, 531.8768)
(532.3300, 692.5497, 860.8436)
(727.3098, 41.46248, 771.2444)
(300.3785, 730.7794, 262.4463)
(826.1587, 850.2024, 759.4282)
(960.2833, 598.9937, 354.8285)
(563.2115, 5.676806, 923.2517)
(590.7287, 220.3257, 743.4614)
(185.7370, 170.6288, 93.10342)
(785.4762, 369.8089, 366.3117)
(70.62413, 973.9194, 249.6242)
(51.63850, 164.7250, 783.9632)
(28.34263, 326.4113, 378.8857)
(986.2500, 930.8508, 480.2173)
(521.5856, 186.8219, 826.9837)
(637.4927, 297.2047, 752.0617)
(936.4930, 822.7491, 574.3547)
(740.3450, 101.1226, 199.1903)
(211.6862, 641.3157, 863.1070)
(917.8401, 183.7208, 165.0048)
(848.2114, 375.7760, 62.10276)
(826.4154, 508.0716, 634.1390)
(71.85720, 800.6888, 355.0813)
(463.2569, 62.77343, 348.5599)
(210.4069, 726.4794, 726.9125)
(160.4872, 830.8809, 833.1750)
(316.4576, 111.6244, 527.5473)
(576.7935, 912.6933, 250.6679)
(13.49232, 972.9338, 58.80663)
(332.5773, 798.3008, 643.9962)
(142.4580, 836.2273, 886.0285)
(871.2273, 517.6659, 210.1974)
(388.9737, 713.7882, 734.4883)
(23.15179, 968.7687, 460.8932)
(636.2711, 830.6024, 675.3933)
(274.0789, 321.8579, 803.2780)
(822.6372, 73.26637, 134.1310)
(589.8502, 69.30637, 598.4769)
(903.5654, 479.3882, 721.0805)
(112.8565, 653.1399, 635.6247)
(621.3861, 378.0471, 833.9495)
(77.92740, 650.9481, 408.9232)
(981.2127, 117.7680, 27.82663)
(967.2859, 333.0547, 177.4785)
(71.73402, 949.2741, 577.4854)
(248.1712, 60.25663, 597.0105)
(401.3651, 779.8836, 106.2822)
(956.3590, 897.8749, 456.2841)
(750.4512, 113.6138, 247.0749)
(123.6458, 96.81303, 508.4855)
(263.5393, 146.2573, 860.0741)
(96.88397, 581.8133, 576.0013)
(689.8755, 167.7285, 242.5336)
(830.4772, 440.4290, 427.3361)
(410.4907, 19.79568, 888.5811)
(319.8602, 805.7023, 667.0057)
(537.9519, 636.7578, 165.6864)
(348.0525, 736.2243, 183.3727)
(728.6031, 651.1870, 345.9241)
(624.4156, 310.7432, 992.8710)
(566.1460, 690.4187, 980.0032)
(3.432791, 344.6366, 572.1232)
(769.4897, 610.0391, 989.4437)
(707.2435, 96.24260, 502.9471)
(241.9863, 140.1188, 796.2552)
(320.4984, 49.88623, 287.4342)
(760.5066, 805.9035, 756.2343)
(272.4534, 148.5974, 161.5490)
(209.1364, 925.0577, 102.8007)
(997.3360, 550.4074, 201.3365)
(676.9104, 630.4286, 113.1384)
(17.51485, 422.1705, 912.7541)
(856.5727, 471.6405, 701.8304)
(473.6554, 286.2744, 973.6819)
(359.4603, 990.2467, 607.9654)
(79.51156, 774.1073, 107.2692)
(201.6470, 712.6662, 724.6525)
(677.5826, 111.7012, 44.78744)
(700.3605, 322.8586, 389.5916)
(464.2480, 491.5817, 657.5734)
(575.5537, 12.67044, 934.8866)
(170.0109, 519.2756, 117.8344)
(680.5656, 419.7073, 39.02612)
(703.8554, 708.4370, 153.5710)
(621.9885, 552.4986, 133.2460)
(937.8169, 494.6991, 307.0615)
(499.6335, 150.8463, 886.4799)
(668.4294, 400.6833, 485.2935)
(276.5843, 130.6672, 720.4390)
(684.6447, 701.4489, 65.86389)
(252.4967, 840.1074, 986.9647)
(114.8979, 724.8535, 453.7816)
(867.0425, 585.3295, 524.5935)
(422.6481, 540.9520, 20.76519)
(501.7505, 255.4431, 159.9672)
(172.7677, 312.7809, 110.1454)
(101.7408, 383.7066, 669.5235)
(706.5421, 663.5691, 754.8652)
(734.3020, 768.1819, 981.2915)
(566.6259, 635.9609, 401.9541)
(559.9890, 111.6652, 761.0903)
(760.5611, 797.9213, 487.7824)
(31.51566, 398.2693, 284.2470)
(920.2846, 847.2850, 949.5401)
(430.0339, 860.7290, 781.8893)
(182.4473, 237.8623, 463.3103)
(353.3002, 972.1910, 587.9685)
(30.24771, 442.5969, 504.5122)
(477.3644, 669.1987, 992.4909)
(798.4008, 42.69885, 722.9824)
(634.9327, 731.1735, 55.80032)
(479.7539, 804.2089, 846.7730)
(806.8626, 321.2174, 726.5017)
(605.0108, 938.0929, 721.5071)
(369.7915, 178.4413, 838.3509)
(456.0023, 96.23883, 559.6078)
(681.8572, 958.5726, 280.7758)
(530.5590, 41.43978, 37.56993)
(605.5795, 984.7733, 283.0296)
(22.30445, 87.38210, 224.9727)
(635.1927, 26.74964, 148.2032)
(86.73520, 888.4141, 174.8275)
(214.0585, 199.3461, 191.6156)
(548.8228, 368.5160, 227.9451)
(290.0033, 128.2674, 586.6308)
(701.7418, 870.7946, 172.0208)
(939.7901, 912.8791, 365.6778)
(353.2539, 954.3495, 406.4254)
(687.9961, 429.6145, 994.6294)
(791.9723, 916.6405, 404.0215)
(147.8775, 967.4021, 829.4615)
(932.2946, 578.1779, 336.5734)
(556.6907, 205.1814, 755.0119)
(295.9485, 346.3749, 637.2915)
(239.2397, 84.55658, 583.1940)
(511.9895, 970.6815, 56.15110)
(755.2359, 111.4346, 121.2286)
(594.9766, 17.35280, 3.684223)
(582.5146, 175.2124, 365.6173)
(874.1004, 164.6137, 509.9045)
(221.1334, 705.2190, 351.0188)
(368.0376, 364.0380, 153.7469)
(285.2819, 360.3301, 784.9551)
(715.4623, 267.1665, 953.3624)
(976.4316, 620.4863, 641.9824)
(22.76868, 597.9965, 422.6915)
(421.9284, 483.4351, 247.4422)
(960.8929, 357.7729, 959.9580)
(280.7249, 685.9525, 480.0496)
(946.0126, 232.5260, 343.9960)
(303.1347, 652.7825, 411.0034)
(681.6115, 993.1079, 578.1845)
(673.5910, 127.1583, 813.1747)
(846.3113, 214.8827, 367.1709)
(46.65200, 535.2846, 438.6535)
(386.2868, 446.0833, 533.5875)
(643.9314, 776.1760, 963.9579)
(958.9039, 282.7444, 93.57733)
(141.7642, 794.5540, 26.71118)
(602.7845, 85.69982, 199.7642)
(737.0423, 25.74096, 406.3063)
(905.2542, 701.7524, 771.3246)
(817.5766, 211.9668, 171.9675)
(742.4118, 376.7135, 347.1929)
(334.1352, 963.9148, 487.6880)
(405.8758, 327.7141, 212.1855)
(877.0625, 617.4953, 808.5315)
(300.9704, 701.2026, 458.6485)
(881.4536, 908.4868, 840.0044)
(990.2498, 908.3141, 633.1705)
(221.6109, 863.1754, 834.1881)
(483.2175, 693.2805, 611.1721)
(179.0875, 164.2104, 586.6072)
(235.9397, 773.9848, 315.8808)
(586.6675, 576.4770, 665.7459)
(338.4117, 970.3916, 642.0606)
(322.0723, 551.6348, 565.5228)
(895.5941, 454.9151, 226.0175)
(12.93663, 477.5288, 303.0286)
(441.4715, 56.84560, 474.1157)
(177.3821, 840.7436, 608.5108)
(652.3996, 449.0415, 70.47234)
(277.5235, 511.1112, 917.8690)
(115.9124, 908.5022, 118.4518)
(680.9722, 808.8380, 437.1812)
(965.6975, 201.2559, 474.2419)
(997.3349, 990.5773, 272.7018)
(72.14376, 835.8006, 976.4992)
(966.1093, 227.1158, 5.021009)
(803.9103, 443.9924, 203.0170)
(232.0285, 381.3884, 734.1204)
(228.9073, 627.6427, 647.4601)
(192.8417, 587.1885, 82.84222)
(733.6379, 361.8091, 518.6816)
(314.8047, 222.7575, 403.0632)
(308.6153, 532.9889, 464.3766)
(82.59982, 892.3516, 580.8526)
(76.77787, 543.5706, 936.1246)
(255.3674, 69.98273, 747.1234)
(617.1101, 212.3984, 539.1518)
(497.5994, 282.7783, 505.2716)
(485.8022, 447.3517, 741.7136)
(332.4474, 130.4248, 329.8431)
(196.9068, 15.16075, 35.32852)
(935.9198, 717.9417, 580.1683)
(453.8791, 40.23743, 744.5123)
(573.3779, 588.7308, 539.7412)
(279.3057, 880.1000, 857.1774)
(603.8707, 345.4897, 422.9814)
(847.3672, 466.7715, 789.8316)
(547.3385, 365.8423, 853.2525)
(696.8644, 818.6098, 874.6696)
(705.5269, 525.4910, 710.9964)
(664.3311, 992.9200, 580.9974)
(380.0465, 285.5377, 927.7112)
(578.6043, 303.9774, 154.2194)
(809.1127, 868.4557, 82.90300)
(728.1267, 76.05853, 363.2907)
(92.86007, 337.7542, 866.9973)
(317.9976, 18.58852, 564.6691)
(557.2467, 910.7888, 500.4329)
(70.78887, 252.6700, 986.8721)
(274.4837, 876.7129, 232.4860)
(427.2223, 202.1738, 431.8606)
(650.9208, 356.3818, 552.9868)
(211.9170, 603.1396, 802.1346)
(729.7172, 246.9238, 825.4871)
(474.4086, 390.8501, 694.2872)
(897.4809, 49.86763, 586.1016)
(520.9995, 783.2783, 730.3505)
(91.97390, 417.4924, 961.4435)
(860.6075, 589.3404, 313.7534)
(188.8023, 68.67047, 738.5778)
(237.6448, 141.9687, 752.6724)
(452.6096, 811.7640, 819.7729)
(731.0044, 896.4152, 384.6837)
(580.3062, 496.3666, 825.0939)
(633.9927, 127.6303, 871.5294)
(866.4498, 523.2477, 605.3738)
(796.4750, 292.2863, 621.7172)
(179.4542, 603.0404, 610.1634)
(160.6721, 131.0315, 427.2214)
(61.28217, 649.9403, 563.4996)
(326.9348, 702.4101, 545.4995)
(250.8751, 272.2667, 335.3619)
(218.0360, 34.33706, 420.0540)
(930.4875, 458.6391, 452.9048)
(989.0690, 603.9047, 841.1438)
(954.3268, 612.0813, 398.8419)
(527.0618, 123.1747, 248.6817)
(339.4269, 521.5737, 847.9070)
(633.9460, 251.5749, 969.6679)
(268.2785, 746.8126, 839.2866)
(799.2335, 589.9280, 970.4310)
(384.6703, 911.7143, 637.2766)
(471.7184, 208.3497, 176.8397)
(58.01166, 801.9357, 750.6088)
(660.9372, 660.4204, 900.2599)
(701.6582, 912.4241, 280.6665)
(460.0915, 125.7885, 596.2578)
(883.7789, 112.1901, 942.8943)
(477.3978, 393.6401, 986.6792)
(445.9194, 559.7077, 829.6236)
(999.5020, 729.1846, 167.1840)
(943.7373, 628.0495, 89.30912)
(894.9599, 451.1765, 62.40716)
(428.5356, 664.1820, 354.0874)
(334.9927, 696.7092, 531.6029)
(612.0774, 455.2729, 202.9440)
(556.5729, 585.5880, 617.7597)
(418.1386, 751.0443, 268.6756)
(288.5888, 543.9757, 80.23050)
(317.0077, 327.6820, 672.8528)
(542.6810, 271.0009, 349.7895)
(862.3549, 612.7472, 169.9775)
(194.5896, 811.3771, 677.7220)
(971.0208, 730.5062, 115.8580)
(688.3379, 798.8519, 212.9774)
(273.2707, 910.8012, 57.53762)
(53.57210, 712.5534, 541.1334)
(889.1697, 199.6185, 112.0414)
(943.2666, 283.8328, 253.8555)
(193.1817, 461.1246, 360.1943)
(108.0731, 4.377152, 47.78256)
(40.91223, 136.7449, 401.2187)
(474.7697, 330.7658, 931.2937)
(97.61320, 493.6320, 917.9589)
(148.8610, 162.9142, 121.0254)
(648.4439, 280.2737, 316.1030)
(181.8553, 707.3488, 86.31784)
(686.3490, 340.3152, 27.67197)
(952.4411, 985.9105, 109.1127)
(501.3341, 686.6100, 191.3043)
(752.6948, 96.44408, 104.2445)
(894.9917, 580.9061, 831.2507)
(319.9479, 485.4853, 836.2274)
(914.7041, 818.1315, 144.7840)
(304.5483, 11.85461, 223.6167)
(500.3928, 779.3308, 752.4579)
(191.8685, 413.8704, 754.0153)
(111.1426, 4.681861, 1.885313)
(28.60710, 178.3295, 235.9020)
(499.1375, 466.5692, 241.7634)
(351.1174, 976.2243, 794.4172)
(769.0406, 202.2083, 234.5947)
(144.7877, 76.87378, 171.1787)
(436.1466, 50.21216, 988.0452)
(146.8339, 163.7724, 726.3872)
(779.0464, 605.5961, 609.2563)
(764.3827, 23.29871, 823.0733)
(575.3679, 809.9764, 770.5832)
(634.9129, 782.7785, 426.1385)
(643.8928, 236.9849, 764.5563)
(74.62734, 7.341485, 223.0405)
(263.4691, 91.67932, 387.0360)
(433.6931, 631.1345, 595.8993)
(693.9267, 214.8583, 203.2231)
(503.6694, 596.6104, 370.6775)
(981.4165, 208.7041, 619.8585)
(443.4281, 282.6738, 38.77744)
(147.2859, 933.9957, 149.5477)
(289.1483, 521.0652, 749.1520)
(480.8265, 496.7926, 877.9207)
(451.1426, 787.6566, 627.2394)
(167.8113, 871.9433, 426.5201)
(21.57993, 59.73078, 262.9913)
(964.0111, 266.0924, 87.91545)
(422.2391, 66.25810, 645.8854)
(419.4564, 207.0186, 901.0984)
(456.0244, 109.8616, 386.4249)
(637.7034, 259.7535, 555.5082)
(77.76157, 991.2952, 127.6728)
(146.1619, 878.9980, 192.8796)
(990.0680, 762.8219, 403.2060)
(943.5476, 512.0242, 895.0740)
(93.54351, 142.8706, 294.4786)
(590.9032, 121.5549, 174.2273)
(819.9915, 390.5304, 653.3456)
(584.5634, 253.7245, 673.2920)
(980.5774, 804.0833, 110.9248)
(561.8835, 841.2103, 381.7253)
(866.1167, 637.4281, 759.4862)
(886.9561, 749.1929, 252.8237)
(385.8232, 240.4599, 340.6916)
(138.6472, 620.0433, 710.6725)
(106.7238, 349.5742, 781.7155)
(275.8330, 660.2959, 321.7886)
(195.3431, 305.2903, 376.1379)
(964.2190, 349.6639, 799.2141)
(951.6163, 266.6454, 228.4725)
(509.6082, 674.8639, 838.7699)
(478.0978, 320.6239, 409.9145)
(206.2365, 854.9965, 216.6118)
(805.3714, 394.3264, 774.8384)
(994.1318, 807.9803, 579.6313)
(855.9691, 650.2718, 332.4090)
(109.4362, 69.24363, 16.09677)
(866.5627, 216.8092, 460.9182)
(802.8628, 863.8828, 147.5097)
(474.5832, 680.7941, 987.2933)
(199.7811, 540.0043, 379.7205)
(690.7637, 409.8950, 981.2180)
(124.7206, 135.8614, 213.9566)
(265.3022, 874.1067, 162.1591)
(440.9691, 267.9083, 950.6222)
(878.9538, 427.4852, 565.9037)
(639.5975, 457.4357, 859.3497)
(696.3246, 266.0361, 866.2204)
(208.0534, 971.2928, 57.16455)
(645.0312, 247.0846, 708.5856)
(829.8907, 247.2780, 221.3668)
(664.1901, 176.8675, 165.3406)
(659.4227, 60.39720, 339.4565)
(817.5132, 719.2992, 827.8176)
(441.8240, 138.8135, 202.5227)
(614.1175, 54.69039, 908.1967)
(64.43768, 627.2821, 352.8765)
(147.1508, 327.2051, 650.8210)
(280.7672, 276.1707, 784.5051)
(393.5262, 192.1239, 372.2355)
(791.6030, 890.1866, 429.3402)
(527.1202, 729.8905, 853.0476)
(169.2348, 246.1861, 450.3168)
(696.7848, 649.8250, 842.1922)
(104.2667, 483.3338, 601.2122)
(999.6676, 299.4282, 164.0853)
(273.7483, 16.47096, 443.0276)
(316.7134, 991.0253, 764.3483)
(461.4798, 41.26353, 552.9562)
(83.57501, 835.0238, 790.0713)
(116.2787, 106.1388, 27.27455)
(708.6259, 441.2227, 57.38439)
(928.8273, 462.6295, 487.8353)
(151.5983, 929.1019, 658.2313)
(392.5542, 539.6616, 534.5075)
(679.7397, 808.0615, 694.6481)
(286.7448, 181.0315, 428.2306)
(232.0778, 866.6459, 530.3897)
(268.1129, 925.4757, 872.3735)
(227.6047, 952.3765, 605.9048)
(736.0732, 661.8710, 811.4280)
(678.2685, 659.1825, 645.3072)
(60.60734, 267.3868, 228.5569)
(798.8073, 733.3478, 344.1626)
(590.3744, 246.4166, 317.0401)
(766.5509, 682.4208, 39.49389)
(209.5301, 842.5441, 24.84805)
(412.5916, 262.7146, 891.9704)
(16.82731, 261.2458, 634.5755)
(298.5892, 514.6943, 204.7211)
(114.2168, 699.7410, 694.2016)
(229.2052, 881.0334, 308.6801)
(857.3568, 167.9891, 412.0474)
(810.6831, 897.0299, 220.8060)
(831.7065, 959.0831, 581.0629)
(303.7276, 600.0282, 741.5301)
(688.0112, 264.8465, 809.9207)
(976.0258, 300.8784, 906.3825)
(770.7908, 285.6161, 227.2928)
(318.8677, 767.1796, 654.0608)
(619.4940, 228.6668, 72.13839)
(216.3240, 337.2706, 968.2870)
(340.3702, 464.3506, 497.5979)
(170.7256, 503.8255, 834.3055)
(970.1853, 483.4876, 141.4392)
(482.2632, 264.4392, 469.8861)
(109.0473, 126.2348, 376.4926)
(304.8108, 896.2069, 29.41286)
(702.9392, 79.31758, 773.6827)
(545.6088, 19.74107, 306.1522)
(295.7368, 172.0334, 882.4546)
(697.6760, 152.0827, 708.8534)
(553.4354, 402.6102, 660.4292)
(978.3219, 659.0492, 668.5561)
(424.9485, 497.7498, 399.1173)
(342.3860, 806.7567, 672.1373)
(26.87880, 685.3268, 910.5912)
(356.9410, 722.6433, 761.8847)
(701.3092, 74.19292, 741.0448)
(29.67250, 741.6169, 800.0308)
(875.3910, 840.7160, 783.5666)
(986.6277, 897.0229, 283.9160)
(106.8291, 395.5377, 584.8735)
(131.0450, 66.56742, 413.5946)
(374.5208, 739.9462, 795.8928)
(743.7133, 453.9922, 397.4906)
(371.3911, 742.2512, 338.3719)
(946.3255, 41.05178, 231.9898)
(569.9101, 556.5226, 325.1217)
(314.2903, 218.8195, 110.9004)
(870.9434, 564.5660, 270.2734)
(32.05493, 963.7111, 995.8976)
(838.2975, 308.9902, 503.3027)
(361.3944, 366.2646, 119.6853)
(75.91014, 672.7715, 623.5627)
(716.9779, 471.0995, 321.5815)
(380.7158, 194.7808, 626.1854)
(784.5933, 63.78388, 310.8766)
(508.4015, 739.9624, 592.2631)
(834.3573, 902.2885, 322.0846)
(853.9447, 745.1973, 410.0056)
(387.3610, 944.2728, 198.4530)
(216.8985, 906.5365, 398.6636)
(378.1912, 362.6314, 20.79945)
(116.0202, 236.4455, 296.5018)
(868.4508, 583.2877, 629.2902)
(485.2193, 53.66592, 301.3497)
(572.5101, 722.4314, 447.6762)
(18.86636, 150.3211, 565.6259)
(147.6047, 512.7999, 132.1710)
(25.72994, 527.1789, 156.3582)
(493.8178, 231.7603, 745.6386)
(439.9201, 847.6417, 301.2570)
(539.3336, 970.1791, 258.5033)
(44.95421, 821.7874, 177.2627)
(37.40641, 469.2077, 434.3705)
(122.9453, 895.7694, 257.1079)
(358.1908, 368.2791, 263.2402)
(524.9597, 861.3670, 782.0176)
(657.7251, 216.9065, 326.5020)
(568.1002, 782.6178, 406.9189)
(956.9189, 541.2016, 370.1400)
(661.1483, 193.0594, 870.9337)
(898.2091, 338.7789, 379.3794)
(84.71039, 8.355617, 387.9782)
(210.1008, 109.5554, 800.9129)
(761.3649, 488.3009, 550.2443)
(268.9896, 37.57081, 21.03108)
(168.1290, 737.6254, 218.9776)
(817.4688, 755.7936, 603.0068)
(980.5532, 342.5044, 225.3306)
(583.6946, 803.9072, 226.6610)
(709.5193, 410.4816, 551.2137)
(749.8342, 958.5122, 151.7590)
(43.53399, 379.0222, 89.81806)
(357.1253, 97.28670, 827.9906)
(28.38159, 818.4198, 312.1841)
(449.6890, 612.4262, 23.40317)
(609.8587, 212.1992, 373.4319)
(308.9464, 166.6584, 193.0517)
(472.1683, 334.8151, 906.6869)
(284.9009, 146.0986, 701.9635)
(186.1022, 773.7908, 265.7059)
(490.6648, 604.9749, 555.5864)
(305.3760, 15.82027, 202.6338)
(9.574180, 91.39253, 337.3901)
(379.3964, 981.7652, 196.3740)
(925.0890, 23.90089, 901.0516)
(739.0888, 401.2811, 242.9123)
(760.0825, 648.0443, 475.3948)
(14.48049, 626.5337, 154.5450)
(37.15751, 833.6722, 350.3444)
(404.0571, 838.5230, 150.7928)
(355.4922, 588.7054, 393.3319)
(953.0441, 757.9643, 922.5595)
(480.5059, 409.9454, 560.7671)
(134.0399, 161.9315, 833.5654)
(344.0909, 864.2947, 290.1362)
(607.6768, 705.1189, 541.7589)
(305.4035, 885.3580, 671.4309)
(799.3138, 524.1073, 48.31560)
(449.5120, 526.5167, 233.7776)
(904.2999, 176.5270, 950.2595)
(638.7298, 596.4262, 779.2654)
(957.9586, 125.0108, 978.9976)
(663.0035, 14.95300, 341.9222)
(46.55532, 696.9586, 636.2177)
(354.4874, 588.3505, 911.0414)
(363.7643, 448.9271, 879.2509)
(365.7284, 559.2160, 238.4998)
(623.2522, 899.0936, 181.9965)
(376.9497, 800.2682, 857.3438)
(873.3768, 544.2834, 328.7199)
(423.6039, 330.2636, 352.6705)
(640.6338, 899.1957, 923.1018)
(482.9303, 393.4961, 128.2389)
(998.5947, 672.3279, 509.9831)
(255.0883, 77.12044, 131.2553)
(686.9151, 216.8975, 442.7414)
(593.8244, 300.3413, 643.4679)
(256.5653, 497.4396, 373.5771)
(366.5070, 348.9231, 689.0512)
(907.2642, 341.4774, 350.3800)
(688.0253, 394.1233, 609.3691)
(644.9862, 746.3833, 787.0081)
(850.9721, 925.4149, 874.5858)
(558.1544, 207.5673, 791.7125)
(548.0437, 700.1456, 296.3837)
(925.3157, 28.14524, 728.0865)
(782.6973, 861.7523, 107.7849)
(770.7963, 422.0695, 270.0609)
(616.1727, 837.4855, 233.9313)
(958.4168, 200.0883, 214.3897)
(360.5335, 539.7530, 738.7235)
(731.1756, 191.1796, 773.3079)
(265.8297, 346.6286, 542.6556)
(172.0196, 384.0542, 65.16215)
(49.85969, 332.5165, 20.11073)
(747.0704, 410.8162, 832.1296)
(781.7825, 752.1638, 833.5357)
(233.8702, 348.7052, 678.4957)
(818.5530, 905.6793, 57.41971)
(702.2960, 422.4386, 926.4600)
(328.3194, 130.9800, 272.1360)
(265.4553, 629.8466, 825.1990)
(896.6305, 833.4271, 442.6161)
(104.3384, 393.1980, 753.8280)
(87.05987, 556.6532, 41.32326)
(361.7405, 337.7005, 993.3603)
(267.3074, 58.78262, 462.2608)
(379.4755, 250.6141, 111.4451)
(689.5193, 188.0026, 552.1194)
(887.4425, 153.1126, 88.23813)
(383.6496, 827.6110, 24.36886)
(240.4585, 506.4931, 647.6898)
(908.7392, 778.1050, 312.9798)
(899.9649, 560.4654, 239.7705)
(322.7106, 25.24010, 620.7899)
(805.8264, 202.6140, 451.9342)
(425.2738, 227.4065, 414.6851)
(162.2753, 846.6449, 196.6868)
(779.0405, 331.5828, 802.0447)
(784.9642, 553.7946, 351.4910)
(300.5849, 248.9473, 119.2211)
(550.6712, 864.7609, 154.9253)
(994.7285, 417.1637, 743.4996)
(322.0771, 711.3229, 969.8195)
(563.4391, 496.1244, 990.4822)
(216.5929, 3.459414, 38.81526)
(833.6991, 284.5051, 602.4894)
(160.3529, 335.3889, 933.0240)
(56.22393, 395.8576, 491.3794)
(605.3749, 193.5795, 75.26350)
(833.8227, 93.90746, 402.5121)
(524.7103, 451.0835, 201.1024)
(407.2042, 620.4965, 845.9621)
(470.0991, 175.6082, 81.00343)
(138.5180, 178.7705, 217.9085)
(598.6921, 287.7482, 314.3581)
(694.6271, 507.3083, 411.4687)
(177.5107, 559.8642, 162.8097)
(744.9270, 579.2469, 428.5140)
(662.2500, 488.9509, 358.8778)
(990.2487, 819.9206, 595.8100)
(69.28971, 559.6025, 540.4599)
(544.4276, 254.1932, 780.6256)
(876.3926, 272.1415, 680.9938)
(624.3052, 84.65933, 741.8600)
(263.8337, 522.2764, 923.1345)
(70.20883, 179.0903, 921.2606)
(320.9190, 730.0989, 864.2001)
(581.1813, 243.3176, 147.0816)
(157.0992, 655.0112, 311.8857)
(863.8813, 821.8426, 980.1009)
(239.7440, 598.6178, 137.0740)
(14.03706, 655.5203, 675.4426)
(958.9764, 541.9549, 259.7778)
(764.6229, 961.1321, 645.7185)
(530.6400, 360.5064, 284.3653)
(371.4492, 416.5081, 153.2980)
(917.1258, 239.5520, 515.3062)
(303.1636, 524.3065, 18.65037)
(280.5614, 629.8655, 258.5593)
(156.6946, 676.8539, 906.9027)
(373.1943, 891.9556, 548.7322)
(773.0070, 58.60826, 338.6602)
(665.1024, 253.8029, 992.8958)
(768.6582, 60.34856, 525.5018)
(568.8454, 932.7415, 798.0429)
(350.6512, 583.9165, 464.0581)
(762.0411, 549.2014, 507.0300)
(351.4831, 382.0439, 3.496910)
(57.08875, 13.81569, 504.3339)
(924.2275, 946.0645, 712.2793)
(747.3688, 563.9025, 126.2616)
(934.9990, 756.2248, 86.03073)
(742.9755, 883.9202, 749.5485)
(90.90525, 362.2235, 412.0231)
(629.6725, 138.6948, 666.5233)
(573.6615, 708.9009, 673.4502)
(8.838128, 466.4313, 803.6598)
(956.6256, 664.7966, 177.1413)
(41.24148, 960.8055, 612.1236)
(474.2161, 228.2500, 701.5093)
(937.8965, 344.2191, 56.57728)
(144.2233, 772.7559, 585.1312)
(706.8039, 651.1783, 747.5666)
(468.5596, 675.3277, 921.8568)
(555.2264, 891.1921, 738.2774)
(498.7699, 134.3736, 553.5371)
(41.36437, 227.6955, 369.6349)
(422.3151, 211.2652, 500.3162)
(971.7949, 167.7844, 266.9140)
(711.0309, 370.8477, 296.7938)
(828.2100, 125.6508, 40.31739)
(441.4595, 816.1164, 278.7131)
(675.5014, 619.0628, 374.9456)
(100.2687, 21.40420, 319.0553)
(244.7808, 179.2116, 949.0837)
(946.9468, 179.4901, 989.5278)
(624.9340, 512.3264, 290.6339)
(429.2407, 163.0702, 414.3458)
(398.7587, 717.3266, 245.4688)
(874.6563, 564.1021, 584.4618)
(568.8493, 838.0537, 978.6142)
(654.1464, 830.4553, 144.9406)
(311.4211, 129.5247, 204.9142)
(403.1615, 408.4213, 189.0944)
(901.2154, 265.8098, 994.6158)
(5.458511, 461.5534, 736.2427)
(625.0250, 909.3333, 878.3321)
(747.7650, 685.6432, 49.17521)
(532.0202, 475.2718, 696.8195)
(801.0363, 157.7847, 768.5526)
(492.7422, 356.5963, 778.9106)
(642.9727, 130.3263, 94.75127)
(598.9401, 972.8504, 529.7819)
(844.6655, 331.2318, 427.0488)
(923.4491, 667.8143, 366.2553)
(184.0907, 152.1525, 530.2581)
(451.3898, 182.4928, 736.3235)
(147.1960, 278.2965, 471.9938)
(449.4913, 291.7495, 486.0786)
(748.9246, 769.4300, 87.91977)
(112.4295, 303.1359, 242.2864)
(141.7543, 437.7996, 413.6584)
(240.3874, 898.9371, 525.2892)
(706.6271, 56.15212, 271.2975)
(467.4927, 91.94695, 549.5950)
(394.0979, 524.8801, 685.7218)
(825.3181, 390.4300, 875.5101)
(572.6019, 516.6424, 108.6013)
(659.9173, 313.9367, 310.6255)
(132.0496, 363.9112, 901.9409)
(283.1527, 794.0649, 363.7595)
(234.0011, 457.0730, 538.4397)
(622.8119, 235.7590, 758.4796)
(723.0985, 118.0433, 513.7126)
(204.7061, 905.7871, 558.2660)
(743.7750, 719.4246, 694.0186)
(369.8704, 64.52300, 464.3921)
(496.6905, 691.9114, 409.7509)
(917.8930, 895.0917, 375.1571)
(76.42901, 267.7740, 894.4221)
(550.3601, 784.2341, 824.1565)
(12.44150, 390.4980, 187.4910)
(313.4465, 27.45286, 84.06305)
(51.62172, 856.1406, 222.5086)
(895.6520, 332.0549, 411.1465)
(111.5047, 421.1306, 963.9962)
(217.9041, 980.6972, 770.5044)
(482.5013, 552.5012, 58.13962)
(510.3381, 506.9310, 700.2298)
(731.5976, 596.1117, 739.0951)
(601.6282, 91.64877, 443.2984)
(340.2162, 72.99289, 940.9198)
(516.1839, 476.2617, 841.6275)
(611.7528, 517.5303, 383.2025)
(906.7266, 106.0255, 327.1099)
(498.3618, 867.7616, 566.3748)
(336.9049, 102.2141, 970.5520)
(616.6956, 723.3812, 419.7908)
(561.8650, 848.4984, 497.6984)
(339.2277, 534.3895, 638.5188)
(879.0207, 716.9764, 139.2756)
(498.8716, 667.2347, 768.7692)
(215.1225, 384.0390, 782.3699)
(168.5980, 505.3329, 719.0694)
(99.84483, 307.7252, 219.1270)
(438.5480, 8.341768, 629.1028)
(413.2337, 980.1755, 890.6262)
(60.51964, 95.33999, 27.16011)
(845.9940, 361.3433, 151.7903)
(733.0962, 531.2317, 639.8552)
(360.7800, 362.5549, 972.0282)
(360.9093, 762.3822, 496.2674)
(541.6676, 937.9671, 617.1913)
(480.5261, 71.57047, 402.4787)
(22.14605, 342.2659, 259.8333)
(678.0902, 16.22773, 193.2222)
(102.3389, 749.2629, 666.1960)
(48.58843, 65.28050, 334.5876)
(186.3450, 64.71536, 127.0534)
(741.3687, 617.4171, 432.6083)
(601.4251, 251.9402, 994.3188)
(551.2870, 874.6939, 713.6529)
(177.1254, 645.4727, 794.1900)
(43.54711, 743.0571, 700.5643)
(474.9605, 956.3924, 440.6371)
(435.4512, 711.8102, 600.0343)
(669.1253, 50.39671, 23.04431)
(672.8452, 418.5406, 656.9987)
(575.2814, 297.5233, 866.1500)
(625.1076, 918.5606, 137.5254)
(594.2131, 546.5427, 465.6810)
(223.0567, 984.0223, 182.5082)
(148.2533, 517.7674, 917.8764)
(525.7585, 529.3437, 517.1319)
(322.5661, 82.81119, 920.8234)
(66.90254, 468.2327, 561.8420)
(732.6198, 153.0395, 180.0907)
(451.3295, 367.9890, 632.1238)
(268.4758, 348.0445, 466.7000)
(734.4593, 577.9956, 511.5982)
(191.6306, 707.8608, 4.219062)
(824.4779, 550.7337, 157.5096)
(715.3447, 237.3051, 472.6290)
(466.2415, 619.6329, 814.9550)
(441.2240, 195.2007, 769.0787)
(720.1679, 43.74912, 489.9630)
(42.83637, 787.3752, 688.4281)
(363.9922, 907.2834, 900.6436)
(105.6772, 158.6466, 510.3344)
(20.91696, 950.2443, 631.9024)
(625.6814, 546.1076, 23.06551)
(890.5016, 256.0437, 686.0498)
(107.8162, 812.3691, 768.2665)
(629.8887, 461.1911, 709.8708)
(522.2016, 625.1269, 281.8342)
(721.8115, 852.7464, 506.2973)
(302.5826, 826.9835, 158.1986)
(827.0703, 814.2649, 433.5925)
(555.2147, 517.5331, 6.722391)
(210.9887, 273.1303, 892.4100)
(497.9890, 210.8296, 472.2173)
(936.1082, 349.6777, 341.0945)
(698.6093, 989.6893, 612.5779)
(949.2549, 525.1335, 384.1752)
(715.2679, 612.3855, 238.1310)
(82.99729, 575.1899, 217.0725)
(615.5379, 117.8927, 360.1221)
(87.64509, 941.0369, 440.1414)
(243.3155, 207.5134, 397.9622)
(834.7192, 330.7332, 557.2549)
(904.8672, 708.7201, 178.8543)
(213.5355, 281.2250, 889.2687)
(963.3632, 124.9962, 319.6462)
(57.10958, 423.7509, 429.8704)
(25.24609, 58.11749, 137.4070)
(753.3281, 762.3939, 163.1234)
(585.1734, 181.3637, 541.0156)
(256.6963, 699.5673, 504.4655)
(976.9060, 74.85984, 281.9631)
(899.3096, 765.1336, 855.1566)
(760.9486, 404.3326, 615.5952)
(196.9962, 252.8360, 441.2285)
(711.0891, 475.8471, 758.9248)
(162.2143, 692.9384, 936.5433)
(680.5672, 564.2869, 71.19737)
(421.7859, 486.3856, 185.6817)
(738.8201, 772.8208, 529.1388)
(661.3087, 973.8619, 140.2676)
(499.7173, 607.1146, 881.8177)
(764.1664, 941.5805, 69.07742)
(773.5799, 350.4892, 588.6243)
(275.8950, 359.2192, 775.6393)
(11.98462, 539.3779, 960.8587)
(742.8343, 228.6454, 918.0973)
(184.3183, 933.7298, 460.9259)
(712.9776, 586.9626, 386.1994)
(192.9715, 936.2481, 968.2789)
(85.83839, 45.26579, 660.4964)
(790.1555, 238.5024, 753.9195)
(534.4799, 130.6116, 275.0336)
(717.0721, 837.8632, 306.8601)
(412.2563, 146.1680, 144.1541)
(974.0562, 516.3523, 868.1353)
(33.80994, 62.89890, 81.84779)
(210.6111, 348.7755, 395.4124)
(373.6527, 181.3101, 133.6019)
(224.7378, 176.9066, 413.4339)
(767.7749, 175.6118, 119.7832)
(905.6645, 797.9525, 313.3980)
(264.9011, 645.7672, 603.4818)
(129.0745, 496.5779, 611.1663)
(372.8228, 246.4546, 256.8484)
(492.0255, 808.3631, 573.1428)
(345.9402, 699.3869, 614.5553)
(423.2917, 836.7754, 886.7847)
(87.35091, 869.1356, 623.0270)
(251.4535, 77.53972, 217.5289)
(761.3168, 343.8040, 176.8343)
(17.31499, 575.2954, 988.2299)
(222.3614, 484.2898, 414.5870)
(168.5482, 127.6392, 542.8109)
(92.92213, 416.4568, 600.1311)
(954.7294, 274.2138, 348.3160)
(528.0700, 176.2932, 507.8592)
(434.3316, 677.4452, 622.9879)
(177.1685, 31.82850, 890.8381)
(38.93688, 364.5364, 977.7580)
(142.1753, 489.4900, 528.7809)
(775.8856, 650.4507, 348.9723)
(916.9725, 486.2463, 769.0379)
(282.2571, 854.0754, 996.4430)
(481.3848, 870.8632, 392.8077)
(242.1952, 186.6407, 8.649306)
(331.3142, 281.2182, 897.1200)
(600.9063, 270.5173, 896.0345)
(105.4582, 456.7079, 202.3856)
(502.6781, 334.8543, 423.7945)
(112.8207, 718.4603, 866.9319)
(12.01314, 212.4229, 910.0162)
(175.4785, 736.4373, 706.0450)
(375.7419, 377.6485, 390.7278)
(461.7916, 612.4730, 422.1307)
(271.0814, 539.9570, 292.8326)
(757.2912, 173.2427, 323.3308)
(138.1061, 979.4086, 601.5236)
(882.3234, 894.7631, 304.8168)
(227.5936, 313.4861, 994.8652)
(748.0602, 86.96058, 986.2129)
(282.5491, 585.0555, 406.5662)
(68.72043, 412.5776, 985.7301)
(218.7666, 182.8005, 133.5934)
(745.6836, 119.1580, 813.3399)
(672.1985, 653.0837, 632.2438)
(885.1857, 896.3119, 375.2686)
(641.8148, 974.6205, 730.4343)
(685.3849, 254.1372, 784.4875)
(565.4665, 494.8346, 291.6096)
(823.8737, 35.59118, 413.3501)
(328.4568, 731.2269, 585.4320)
(517.1492, 806.2826, 303.8362)
(724.2564, 575.8540, 317.9017)
(99.75876, 700.3799, 246.6789)
(568.8084, 426.5219, 632.1675)
(643.8105, 904.9266, 634.2649)
(784.1096, 258.9142, 513.9115)
(893.4220, 771.3744, 402.3037)
(594.2465, 64.57043, 959.0055)
(241.5123, 851.6943, 825.6901)
(226.5499, 3.792298, 640.3191)
(985.7943, 554.3522, 124.4574)
(959.2995, 750.6987, 624.0552)
(946.9626, 306.1021, 805.5966)
(699.9883, 85.18692, 56.27071)
(245.1051, 619.1134, 695.5538)
(673.1244, 740.5338, 616.0278)
(759.3840, 525.0336, 869.3116)
(57.19987, 874.2293, 507.6666)
(164.7836, 886.1313, 242.8849)
(3.661664, 301.9583, 748.5015)
(277.3197, 904.5930, 806.2520)
(278.5562, 703.9001, 585.8471)
(795.8336, 35.05284, 120.0102)
(715.1279, 579.8225, 900.9670)
(711.4991, 775.7438, 381.3415)
(552.9036, 260.2970, 978.6198)
(54.26139, 760.7362, 585.0579)
(31.10056, 428.4095, 900.4228)
(334.7879, 864.0857, 843.0390)
(5.215772, 367.1180, 23.85223)
(490.4764, 105.5951, 21.17039)
(844.0786, 434.0796, 413.2101)
(241.8566, 983.0875, 554.9447)
(83.91560, 881.9206, 102.1722)
(211.2017, 935.6309, 484.1170)
(726.0604, 105.2362, 518.2376)
(505.5799, 400.1043, 712.7595)
(325.0642, 271.6985, 236.6641)
(632.3357, 821.6788, 880.6708)
(908.3726, 380.7485, 161.7303)
(937.3547, 919.5348, 501.4610)
(118.4424, 240.0775, 721.8259)
(317.3864, 834.0669, 505.7004)
(885.7032, 300.2447, 413.1576)
(800.4656, 57.54398, 832.9305)
(264.9155, 575.9746, 872.4631)
(81.56568, 387.0950, 136.0645)
(373.0477, 793.2443, 429.0427)
(907.3609, 679.8724, 133.9161)
(476.3631, 109.8870, 895.6344)
(36.37432, 983.4759, 270.3125)
(223.0575, 178.9409, 176.9409)
(602.2102, 292.3798, 382.1490)
(540.8835, 399.0827, 568.2365)
(137.5367, 739.1517, 470.8925)
(472.1004, 9.561815, 391.9817)
(140.4092, 570.1311, 860.6468)
(689.9343, 455.8499, 769.3185)
(202.4496, 737.6963, 110.0512)
(962.1838, 473.6386, 842.0165)
(991.7666, 980.0241, 756.7284)
(720.5620, 456.6292, 28.74947)
(214.9005, 733.8470, 130.8640)
(999.7750, 552.1984, 807.5877)
(555.9671, 203.1777, 932.0450)
(661.8903, 24.30217, 49.42959)
(61.67913, 332.5703, 717.8838)
(230.4561, 619.8551, 739.6406)
(690.5377, 721.5541, 821.9880)
(238.5852, 243.1362, 729.8307)
(636.8592, 655.4606, 8.713188)
(353.2982, 138.0224, 332.1366)
(403.9607, 293.5720, 515.1734)
(55.09924, 143.9009, 433.2815)
(519.9573, 590.1951, 192.4134)
(466.8046, 488.9962, 723.4959)
(880.7769, 64.78341, 656.3220)
(327.1062, 902.4584, 241.0693)
(147.8931, 2.224358, 552.0481)
(696.2808, 909.4642, 267.0972)
(896.5025, 904.0334, 851.7578)
(93.68395, 522.7073, 629.1245)
(625.6671, 829.8653, 118.8266)
(379.5199, 813.0861, 210.8916)
(449.9401, 19.89943, 765.9277)
(176.4760, 202.1119, 397.7712)
(972.9502, 719.4819, 759.2585)
(381.7599, 638.1603, 807.5531)
(249.0116, 135.6172, 86.80953)
(716.2690, 56.18462, 820.7839)
(738.3367, 788.4894, 608.4653)
(165.9640, 643.0446, 708.4777)
(417.5590, 486.1394, 980.8231)
(871.1610, 243.2075, 845.7730)
(533.8513, 329.4969, 789.2985)
(978.6044, 830.9278, 90.37279)
(507.6678, 500.4461, 592.8813)
(257.7635, 925.1761, 713.7358)
(110.4197, 615.0180, 433.2127)
(11.28808, 421.7671, 772.1298)
(588.9498, 458.7280, 495.5302)
(925.6809, 835.4281, 682.4603)
(132.4160, 615.8212, 969.9110)
(550.7556, 983.6995, 596.1635)
(841.8918, 495.5974, 906.7116)
(90.83973, 526.6807, 524.3423)
(835.0795, 246.1664, 658.6351)
(104.0022, 522.0094, 566.4184)
(700.8241, 137.0493, 767.5558)
(462.1057, 667.2430, 198.0888)
(220.5617, 826.8816, 228.6106)
(33.52680, 426.7983, 735.7942)
(181.2914, 95.48954, 589.7604)
(924.0179, 984.9913, 537.7201)
(392.6045, 719.4686, 439.5716)
(665.9969, 333.8332, 472.8199)
(591.6199, 309.7748, 249.5459)
(351.3937, 679.3008, 965.2548)
(79.38084, 557.1972, 217.4901)
(849.9328, 483.6792, 651.0232)
(358.2677, 178.8705, 619.8906)
(680.0174, 306.5141, 104.4635)
(232.8351, 239.4472, 864.6124)
(744.3625, 239.1147, 423.5811)
(173.1166, 636.4213, 150.7450)
(872.6080, 302.6904, 776.1143)
(997.9492, 751.3856, 673.6682)
(131.7741, 914.0180, 559.5145)
(168.2193, 132.2508, 153.1994)
(131.7847, 420.3328, 193.1953)
(138.7304, 40.43420, 18.65732)
(756.1055, 69.37099, 893.8966)
(229.6523, 692.5608, 713.1383)
(697.7955, 450.5137, 156.6971)
(304.3702, 516.8695, 777.9446)
(149.9467, 845.7764, 194.2787)
(979.0391, 119.3831, 734.7531)
(745.3568, 663.3368, 878.6685)
(313.9529, 374.3281, 644.4963)
(40.60772, 879.9078, 740.8100)
(326.0100, 902.6549, 704.4045)
(257.0636, 427.9597, 474.4134)
(814.3088, 667.9428, 544.9783)
(856.2009, 664.6208, 145.3242)
(815.3426, 770.1324, 315.7285)
(407.4731, 463.4776, 379.8910)
(420.1021, 168.3223, 86.10258)
(904.4281, 140.0427, 313.9982)
(344.7867, 734.2369, 92.56025)
(801.1409, 151.8232, 877.6022)
(572.0180, 198.6081, 524.0565)
(632.3219, 579.8260, 167.0522)
(46.62142, 284.8375, 643.2171)
(957.5927, 259.4712, 514.4961)
(23.97353, 161.3899, 378.0806)
(922.7925, 658.9076, 531.3491)
(435.8151, 767.9131, 122.9239)
(718.4546, 339.1571, 556.7176)
(935.6133, 103.3428, 337.2689)
(622.4544, 826.5401, 753.6828)
(100.2611, 189.0093, 889.6932)
(734.7296, 934.0120, 708.3310)
(169.9738, 587.0608, 671.4597)
(466.8713, 869.0845, 849.9939)
(403.9517, 522.4081, 262.7774)
(903.5129, 567.5021, 79.50039)
(379.0981, 243.7073, 827.6564)
(282.0441, 722.0414, 548.7452)
(846.1162, 253.9643, 588.9018)
(544.2648, 289.3152, 910.9874)
(48.56983, 703.7747, 369.7751)
(727.6908, 274.0780, 312.2023)
(810.2991, 147.6239, 719.8555)
(254.1250, 353.8838, 797.2346)
(574.3939, 183.4531, 853.6475)
(997.6190, 37.36570, 386.4188)
(551.0840, 311.7417, 229.6692)
(750.6460, 328.5543, 51.74470)
(963.4016, 730.8468, 640.1280)
(724.2769, 169.3793, 101.3031)
(319.6782, 362.4383, 509.5419)
(586.7450, 657.5187, 569.9346)
(617.3801, 179.5417, 994.8512)
(915.3824, 401.4328, 37.25967)
(553.8670, 968.4002, 96.89116)
(418.6347, 395.5088, 896.1507)
(79.43664, 4.830817, 205.6646)
(35.37876, 975.6248, 298.5377)
(60.91725, 258.7130, 276.3994)
(548.9750, 463.9213, 292.0611)
(466.6957, 764.2346, 710.0220)
(330.3413, 708.5506, 953.5973)
(76.86729, 464.5435, 196.7008)
(684.5113, 425.4904, 445.2102)
(640.2960, 405.8133, 556.6682)
(257.8698, 769.1033, 764.5088)
(42.27359, 834.7354, 344.4154)
(316.0116, 340.8528, 985.1143)
(947.8091, 602.1649, 712.7629)
(274.4420, 729.9268, 587.6373)
(807.9027, 166.6715, 356.5725)
(802.3971, 848.3625, 213.9068)
(657.6300, 376.9264, 3.203102)
(442.6736, 843.6168, 334.6340)
(886.0553, 393.0665, 704.0888)
(146.5724, 131.3033, 444.2010)
(911.6073, 548.0494, 602.2834)
(168.9358, 406.5662, 69.05541)
(175.1875, 453.7053, 839.8635)
(535.6061, 919.2205, 46.52725)
(247.1729, 75.11313, 198.0033)
(989.8125, 411.4468, 755.7630)
(420.2579, 155.5169, 903.2407)
(99.58624, 176.4489, 673.4239)
(378.5104, 102.4524, 18.27917)
(655.9477, 532.6832, 325.6166)
(440.7674, 980.7830, 68.04861)
(834.6827, 499.0482, 315.0148)
(103.8555, 478.9298, 57.04647)
(763.9272, 762.9320, 62.87080)
(888.7844, 735.7245, 56.17375)
(470.6829, 726.2748, 631.6900)
(766.8646, 684.7619, 849.7491)
(990.9705, 798.5072, 941.1063)
(48.35251, 571.1744, 279.6512)
(987.5399, 567.4179, 633.3206)
(821.1041, 507.9222, 207.0060)
(413.3636, 492.9098, 304.4855)
(833.5624, 329.5560, 432.5631)
(759.2681, 439.3059, 9.287250)
(547.1173, 422.2861, 285.3164)
(607.7572, 402.1120, 310.6078)
(844.2370, 228.9125, 236.6244)
(666.8546, 996.0502, 453.4785)
(22.20570, 453.8589, 379.5205)
(150.6758, 615.0267, 829.2610)
(896.6277, 738.3049, 355.2045)
(221.7174, 117.6371, 45.32489)
(897.0288, 369.1332, 706.3698)
(730.8338, 695.6454, 897.9107)
(104.7492, 27.48872, 292.6872)
(564.6318, 355.7989, 165.8743)
(505.3670, 293.8592, 393.9738)
(482.1426, 672.6709, 543.8559)
(92.98870, 616.4086, 347.5008)
(318.9760, 91.20297, 632.8875)
(218.9240, 360.2824, 736.0932)
(162.6057, 590.0900, 672.5866)
(489.4223, 859.7103, 432.8678)
(548.5981, 781.3795, 576.9330)
(895.8472, 686.1979, 635.2263)
(637.6447, 172.0303, 834.0266)
(313.8383, 540.1578, 767.3142)
(625.5980, 893.9803, 201.4985)
(585.7385, 918.0077, 938.1963)
(600.7808, 667.4331, 6.016270)
(359.8272, 305.5671, 115.2599)
(518.8335, 188.9052, 885.1961)
(488.2935, 713.3247, 180.4892)
(691.0006, 931.5317, 91.59790)
(106.4307, 787.6199, 382.5644)
(996.0111, 141.5632, 121.2420)
(481.3625, 904.5635, 965.9170)
(128.5802, 230.8754, 608.4043)
(80.75941, 96.70494, 4.744671)
(401.8027, 345.0490, 521.5120)
(262.1566, 672.3821, 969.2823)